0.000000000000000000e+00
2.000000000000000000e+00
2.687500000000000000e+00
3.296875000000000000e+00
3.921875000000000000e+00
4.453125000000000000e+00
4.921875000000000000e+00
5.296875000000000000e+00
5.843750000000000000e+00
6.375000000000000000e+00
6.843750000000000000e+00
7.234375000000000000e+00
7.687500000000000000e+00
8.156250000000000000e+00
8.609375000000000000e+00
9.000000000000000000e+00
9.531250000000000000e+00
9.843750000000000000e+00
1.015625000000000000e+01
1.045312500000000000e+01
1.076562500000000000e+01
1.107812500000000000e+01
1.137500000000000000e+01
1.168750000000000000e+01
1.200000000000000000e+01
1.223437500000000000e+01
1.260937500000000000e+01
1.300000000000000000e+01
1.329687500000000000e+01
1.360937500000000000e+01
1.400000000000000000e+01
1.437500000000000000e+01
1.468750000000000000e+01
1.500000000000000000e+01
1.529687500000000000e+01
1.553125000000000000e+01
1.576562500000000000e+01
1.600000000000000000e+01
1.629687500000000000e+01
1.660937500000000000e+01
1.707812500000000000e+01
1.745312500000000000e+01
1.768750000000000000e+01
1.792187500000000000e+01
1.823437500000000000e+01
1.845312500000000000e+01
1.868750000000000000e+01
1.900000000000000000e+01
1.923437500000000000e+01
1.945312500000000000e+01
1.968750000000000000e+01
2.000000000000000000e+01
2.029687500000000000e+01
2.053125000000000000e+01
2.076562500000000000e+01
2.107812500000000000e+01
2.137500000000000000e+01
2.168750000000000000e+01
2.237500000000000000e+01
2.268750000000000000e+01
2.300000000000000000e+01
2.329687500000000000e+01
2.353125000000000000e+01
2.384375000000000000e+01
2.407812500000000000e+01
2.429687500000000000e+01
2.460937500000000000e+01
2.492187500000000000e+01
2.515625000000000000e+01
2.545312500000000000e+01
2.576562500000000000e+01
2.607812500000000000e+01
2.637500000000000000e+01
2.668750000000000000e+01
2.700000000000000000e+01
2.729687500000000000e+01
2.760937500000000000e+01
2.792187500000000000e+01
2.823437500000000000e+01
2.845312500000000000e+01
2.876562500000000000e+01
2.915625000000000000e+01
2.953125000000000000e+01
2.976562500000000000e+01
3.007812500000000000e+01
3.037500000000000000e+01
3.068750000000000000e+01
3.092187500000000000e+01
3.123437500000000000e+01
3.145312500000000000e+01
3.160937500000000000e+01
3.192187500000000000e+01
3.223437500000000000e+01
3.237500000000000000e+01
3.260937500000000000e+01
3.292187500000000000e+01
3.329687500000000000e+01
3.353125000000000000e+01
3.376562500000000000e+01
3.400000000000000000e+01
3.429687500000000000e+01
3.460937500000000000e+01
3.484375000000000000e+01
3.507812500000000000e+01
3.529687500000000000e+01
3.560937500000000000e+01
3.584375000000000000e+01
3.607812500000000000e+01
3.637500000000000000e+01
3.660937500000000000e+01
3.700000000000000000e+01
3.729687500000000000e+01
3.753125000000000000e+01
3.792187500000000000e+01
3.823437500000000000e+01
3.853125000000000000e+01
3.892187500000000000e+01
3.923437500000000000e+01
3.960937500000000000e+01
3.984375000000000000e+01
4.015625000000000000e+01
4.045312500000000000e+01
4.084375000000000000e+01
4.115625000000000000e+01
4.137500000000000000e+01
4.168750000000000000e+01
4.207812500000000000e+01
4.237500000000000000e+01
4.268750000000000000e+01
4.307812500000000000e+01
4.345312500000000000e+01
4.376562500000000000e+01
4.415625000000000000e+01
4.445312500000000000e+01
4.476562500000000000e+01
4.507812500000000000e+01
4.537500000000000000e+01
4.576562500000000000e+01
4.623437500000000000e+01
4.653125000000000000e+01
4.700000000000000000e+01
4.745312500000000000e+01
4.784375000000000000e+01
4.815625000000000000e+01
4.845312500000000000e+01
4.876562500000000000e+01
4.900000000000000000e+01
4.923437500000000000e+01
4.953125000000000000e+01
4.976562500000000000e+01
5.007812500000000000e+01
5.029687500000000000e+01
5.053125000000000000e+01
5.092187500000000000e+01
5.123437500000000000e+01
5.145312500000000000e+01
5.176562500000000000e+01
5.207812500000000000e+01
5.237500000000000000e+01
5.268750000000000000e+01
5.300000000000000000e+01
5.337500000000000000e+01
5.376562500000000000e+01
5.400000000000000000e+01
5.437500000000000000e+01
5.468750000000000000e+01
5.500000000000000000e+01
5.537500000000000000e+01
5.568750000000000000e+01
5.600000000000000000e+01
5.629687500000000000e+01
5.676562500000000000e+01
5.729687500000000000e+01
5.760937500000000000e+01
5.800000000000000000e+01
5.837500000000000000e+01
5.923437500000000000e+01
5.953125000000000000e+01
5.984375000000000000e+01
6.029687500000000000e+01
6.068750000000000000e+01
6.100000000000000000e+01
6.123437500000000000e+01
6.160937500000000000e+01
6.192187500000000000e+01
6.223437500000000000e+01
6.260937500000000000e+01
6.292187500000000000e+01
6.323437500000000000e+01
6.353125000000000000e+01
6.384375000000000000e+01
6.429687500000000000e+01
6.468750000000000000e+01
6.500000000000000000e+01
6.545312500000000000e+01
6.584375000000000000e+01
6.623437500000000000e+01
6.660937500000000000e+01
6.684375000000000000e+01
6.723437500000000000e+01
6.753125000000000000e+01
6.784375000000000000e+01
6.823437500000000000e+01
6.853125000000000000e+01
6.892187500000000000e+01
7.123437500000000000e+01
7.153125000000000000e+01
7.192187500000000000e+01
7.215625000000000000e+01
7.253125000000000000e+01
7.284375000000000000e+01
7.307812500000000000e+01
7.345312500000000000e+01
7.392187500000000000e+01
7.423437500000000000e+01
7.468750000000000000e+01
7.500000000000000000e+01
7.545312500000000000e+01
7.600000000000000000e+01
7.653125000000000000e+01
7.692187500000000000e+01
7.715625000000000000e+01
7.745312500000000000e+01
7.776562500000000000e+01
7.815625000000000000e+01
7.845312500000000000e+01
7.876562500000000000e+01
7.915625000000000000e+01
7.945312500000000000e+01
7.976562500000000000e+01
8.015625000000000000e+01
8.045312500000000000e+01
8.084375000000000000e+01
8.115625000000000000e+01
8.145312500000000000e+01
8.176562500000000000e+01
8.200000000000000000e+01
8.231250000000000000e+01
8.253125000000000000e+01
8.284375000000000000e+01
8.315625000000000000e+01
8.337500000000000000e+01
8.368750000000000000e+01
8.400000000000000000e+01
8.429687500000000000e+01
8.460937500000000000e+01
8.484375000000000000e+01
8.515625000000000000e+01
8.537500000000000000e+01
8.560937500000000000e+01
8.600000000000000000e+01
8.629687500000000000e+01
8.653125000000000000e+01
8.684375000000000000e+01
8.715625000000000000e+01
8.745312500000000000e+01
8.776562500000000000e+01
8.807812500000000000e+01
8.837500000000000000e+01
8.868750000000000000e+01
8.900000000000000000e+01
8.937500000000000000e+01
8.976562500000000000e+01
9.007812500000000000e+01
9.031250000000000000e+01
9.060937500000000000e+01
9.068750000000000000e+01
9.107812500000000000e+01
9.123437500000000000e+01
9.160937500000000000e+01
9.184375000000000000e+01
9.215625000000000000e+01
9.237500000000000000e+01
9.268750000000000000e+01
9.300000000000000000e+01
9.329687500000000000e+01
9.353125000000000000e+01
9.384375000000000000e+01
9.415625000000000000e+01
9.445312500000000000e+01
9.484375000000000000e+01
9.515625000000000000e+01
9.553125000000000000e+01
9.568750000000000000e+01
9.607812500000000000e+01
9.631250000000000000e+01
9.660937500000000000e+01
9.700000000000000000e+01
9.723437500000000000e+01
9.737500000000000000e+01
9.760937500000000000e+01
9.784375000000000000e+01
9.815625000000000000e+01
9.845312500000000000e+01
9.868750000000000000e+01
9.884375000000000000e+01
9.915625000000000000e+01
9.937500000000000000e+01
9.960937500000000000e+01
9.984375000000000000e+01
1.001562500000000000e+02
1.004531250000000000e+02
1.006875000000000000e+02
1.010000000000000000e+02
1.012343750000000000e+02
1.015312500000000000e+02
1.017656250000000000e+02
1.020781250000000000e+02
1.023125000000000000e+02
1.025312500000000000e+02
1.028437500000000000e+02
1.031562500000000000e+02
1.034531250000000000e+02
1.037656250000000000e+02
1.040781250000000000e+02
1.043125000000000000e+02
1.045312500000000000e+02
1.047656250000000000e+02
1.050781250000000000e+02
1.053125000000000000e+02
1.055312500000000000e+02
1.057656250000000000e+02
1.061562500000000000e+02
1.063750000000000000e+02
1.066093750000000000e+02
1.068437500000000000e+02
1.071562500000000000e+02
1.074531250000000000e+02
1.076875000000000000e+02
1.080000000000000000e+02
1.083750000000000000e+02
1.086093750000000000e+02
1.089218750000000000e+02
1.091562500000000000e+02
1.094531250000000000e+02
1.097656250000000000e+02
1.100000000000000000e+02
1.102343750000000000e+02
1.105312500000000000e+02
1.107656250000000000e+02
1.110000000000000000e+02
1.112343750000000000e+02
1.113750000000000000e+02
1.117656250000000000e+02
1.120000000000000000e+02
1.122343750000000000e+02
1.124531250000000000e+02
1.127656250000000000e+02
1.130000000000000000e+02
1.131562500000000000e+02
1.134531250000000000e+02
1.136875000000000000e+02
1.139218750000000000e+02
1.141562500000000000e+02
1.144531250000000000e+02
1.147656250000000000e+02
1.149218750000000000e+02
1.151562500000000000e+02
1.154531250000000000e+02
1.156875000000000000e+02
1.159218750000000000e+02
1.161562500000000000e+02
1.164531250000000000e+02
1.166093750000000000e+02
1.168437500000000000e+02
1.171562500000000000e+02
1.173750000000000000e+02
1.176875000000000000e+02
1.179218750000000000e+02
1.181562500000000000e+02
1.184531250000000000e+02
1.186875000000000000e+02
1.188437500000000000e+02
1.191562500000000000e+02
1.194531250000000000e+02
1.196875000000000000e+02
1.198437500000000000e+02
1.201562500000000000e+02
1.203125000000000000e+02
1.205312500000000000e+02
1.207656250000000000e+02
1.210781250000000000e+02
1.213125000000000000e+02
1.215312500000000000e+02
1.218437500000000000e+02
1.220781250000000000e+02
1.223750000000000000e+02
1.226093750000000000e+02
1.228437500000000000e+02
1.230781250000000000e+02
1.233125000000000000e+02
1.235312500000000000e+02
1.237656250000000000e+02
1.240000000000000000e+02
1.242343750000000000e+02
1.244531250000000000e+02
1.246875000000000000e+02
1.248437500000000000e+02
1.251562500000000000e+02
1.253125000000000000e+02
1.255312500000000000e+02
1.257656250000000000e+02
1.260781250000000000e+02
1.262343750000000000e+02
1.264531250000000000e+02
1.266875000000000000e+02
1.269218750000000000e+02
1.270781250000000000e+02
1.273750000000000000e+02
1.276093750000000000e+02
1.278437500000000000e+02
1.280781250000000000e+02
1.283125000000000000e+02
1.285312500000000000e+02
1.287656250000000000e+02
1.290781250000000000e+02
1.293125000000000000e+02
1.295312500000000000e+02
1.297656250000000000e+02
1.300781250000000000e+02
1.302343750000000000e+02
1.304531250000000000e+02
1.306875000000000000e+02
1.308437500000000000e+02
1.311562500000000000e+02
1.313750000000000000e+02
1.315312500000000000e+02
1.317656250000000000e+02
1.320781250000000000e+02
1.323125000000000000e+02
1.325312500000000000e+02
1.327656250000000000e+02
1.330781250000000000e+02
1.332343750000000000e+02
1.334531250000000000e+02
1.337656250000000000e+02
1.340000000000000000e+02
1.342343750000000000e+02
1.344531250000000000e+02
1.346875000000000000e+02
1.349218750000000000e+02
1.351562500000000000e+02
1.353750000000000000e+02
1.356093750000000000e+02
1.358437500000000000e+02
1.361562500000000000e+02
1.363125000000000000e+02
1.365312500000000000e+02
1.367656250000000000e+02
1.370000000000000000e+02
1.372343750000000000e+02
1.375312500000000000e+02
1.376875000000000000e+02
1.380000000000000000e+02
1.382343750000000000e+02
1.384531250000000000e+02
1.386093750000000000e+02
1.388437500000000000e+02
1.390781250000000000e+02
1.393125000000000000e+02
1.395312500000000000e+02
1.398437500000000000e+02
1.400781250000000000e+02
1.402343750000000000e+02
1.405312500000000000e+02
1.406875000000000000e+02
1.409218750000000000e+02
1.412343750000000000e+02
1.413750000000000000e+02
1.416093750000000000e+02
1.418437500000000000e+02
1.420781250000000000e+02
1.423750000000000000e+02
1.426875000000000000e+02
1.430000000000000000e+02
1.433750000000000000e+02
1.437656250000000000e+02
1.443125000000000000e+02
1.446875000000000000e+02
1.450781250000000000e+02
1.454531250000000000e+02
1.458437500000000000e+02
1.461562500000000000e+02
1.463750000000000000e+02
1.466093750000000000e+02
1.469218750000000000e+02
1.472343750000000000e+02
1.476093750000000000e+02
1.479218750000000000e+02
1.482343750000000000e+02
1.484531250000000000e+02
1.487656250000000000e+02
1.490781250000000000e+02
1.493125000000000000e+02
1.496875000000000000e+02
1.500000000000000000e+02
1.503750000000000000e+02
1.507656250000000000e+02
1.510781250000000000e+02
1.513750000000000000e+02
1.516875000000000000e+02
1.520781250000000000e+02
1.523750000000000000e+02
1.526875000000000000e+02
1.530781250000000000e+02
1.532343750000000000e+02
1.534531250000000000e+02
1.536875000000000000e+02
1.540000000000000000e+02
1.542343750000000000e+02
1.543750000000000000e+02
1.546875000000000000e+02
1.549218750000000000e+02
1.550781250000000000e+02
1.553750000000000000e+02
1.556093750000000000e+02
1.557656250000000000e+02
1.560781250000000000e+02
1.562343750000000000e+02
1.564531250000000000e+02
1.566875000000000000e+02
1.570000000000000000e+02
1.571562500000000000e+02
1.573750000000000000e+02
1.576875000000000000e+02
1.579218750000000000e+02
1.581562500000000000e+02
1.583750000000000000e+02
1.586875000000000000e+02
1.589218750000000000e+02
1.591562500000000000e+02
1.593750000000000000e+02
1.596093750000000000e+02
1.598437500000000000e+02
1.600781250000000000e+02
1.602343750000000000e+02
1.605312500000000000e+02
1.607656250000000000e+02
1.610781250000000000e+02
1.613125000000000000e+02
1.615312500000000000e+02
1.617656250000000000e+02
1.620781250000000000e+02
1.623750000000000000e+02
1.625312500000000000e+02
1.627656250000000000e+02
1.630000000000000000e+02
1.632343750000000000e+02
1.633750000000000000e+02
1.636093750000000000e+02
1.638437500000000000e+02
1.640000000000000000e+02
1.643125000000000000e+02
1.645312500000000000e+02
1.647656250000000000e+02
1.650000000000000000e+02
1.652343750000000000e+02
1.654531250000000000e+02
1.656093750000000000e+02
1.659218750000000000e+02
1.660781250000000000e+02
1.663125000000000000e+02
1.666093750000000000e+02
1.669218750000000000e+02
1.670781250000000000e+02
1.673125000000000000e+02
1.676093750000000000e+02
1.678437500000000000e+02
1.680781250000000000e+02
1.683750000000000000e+02
1.686093750000000000e+02
1.687656250000000000e+02
1.690781250000000000e+02
1.691562500000000000e+02
1.694531250000000000e+02
1.696875000000000000e+02
1.699218750000000000e+02
1.702343750000000000e+02
1.704531250000000000e+02
1.706875000000000000e+02
1.710000000000000000e+02
1.711562500000000000e+02
1.714531250000000000e+02
1.718437500000000000e+02
1.721562500000000000e+02
1.723750000000000000e+02
1.726875000000000000e+02
1.729218750000000000e+02
1.732343750000000000e+02
1.735312500000000000e+02
1.738437500000000000e+02
1.740781250000000000e+02
1.743750000000000000e+02
1.746093750000000000e+02
1.748437500000000000e+02
1.751562500000000000e+02
1.754531250000000000e+02
1.757656250000000000e+02
1.760781250000000000e+02
1.763750000000000000e+02
1.766875000000000000e+02
1.770000000000000000e+02
1.772343750000000000e+02
1.775312500000000000e+02
1.777656250000000000e+02
1.781562500000000000e+02
1.785312500000000000e+02
1.790781250000000000e+02
1.801562500000000000e+02
1.807656250000000000e+02
1.817656250000000000e+02
1.822343750000000000e+02
1.825312500000000000e+02
1.829218750000000000e+02
1.833125000000000000e+02
1.837656250000000000e+02
1.843750000000000000e+02
1.846875000000000000e+02
1.851562500000000000e+02
1.855312500000000000e+02
1.857656250000000000e+02
1.860000000000000000e+02
1.862343750000000000e+02
1.865312500000000000e+02
1.867656250000000000e+02
1.870000000000000000e+02
1.872343750000000000e+02
1.875312500000000000e+02
1.877656250000000000e+02
1.880000000000000000e+02
1.882343750000000000e+02
1.885312500000000000e+02
1.887656250000000000e+02
1.890000000000000000e+02
1.892343750000000000e+02
1.895312500000000000e+02
1.898437500000000000e+02
1.901562500000000000e+02
1.903750000000000000e+02
1.906093750000000000e+02
1.909218750000000000e+02
1.912343750000000000e+02
1.915312500000000000e+02
1.918437500000000000e+02
1.922343750000000000e+02
1.936093750000000000e+02
1.970000000000000000e+02
1.973125000000000000e+02
1.976093750000000000e+02
1.979218750000000000e+02
1.982343750000000000e+02
1.985312500000000000e+02
1.988437500000000000e+02
1.990781250000000000e+02
1.993750000000000000e+02
1.996875000000000000e+02
1.999218750000000000e+02
2.001562500000000000e+02
2.004531250000000000e+02
2.007656250000000000e+02
2.010781250000000000e+02
2.014531250000000000e+02
2.017656250000000000e+02
2.020781250000000000e+02
2.023750000000000000e+02
2.026875000000000000e+02
2.029218750000000000e+02
2.032343750000000000e+02
2.035312500000000000e+02
2.039218750000000000e+02
2.042343750000000000e+02
2.045312500000000000e+02
2.050781250000000000e+02
2.094531250000000000e+02
2.099218750000000000e+02
2.103125000000000000e+02
2.106093750000000000e+02
2.109218750000000000e+02
2.112343750000000000e+02
2.116093750000000000e+02
2.119218750000000000e+02
2.121562500000000000e+02
2.124531250000000000e+02
2.127656250000000000e+02
2.130781250000000000e+02
2.133906250000000000e+02
2.136875000000000000e+02
2.140000000000000000e+02
2.143906250000000000e+02
2.150781250000000000e+02
2.163906250000000000e+02
2.167656250000000000e+02
2.171562500000000000e+02
2.173906250000000000e+02
2.176875000000000000e+02
2.181562500000000000e+02
2.185312500000000000e+02
2.187656250000000000e+02
2.191562500000000000e+02
2.194531250000000000e+02
2.198437500000000000e+02
2.202343750000000000e+02
2.206093750000000000e+02
2.210781250000000000e+02
2.213906250000000000e+02
2.218437500000000000e+02
2.222343750000000000e+02
2.226093750000000000e+02
2.230000000000000000e+02
2.236093750000000000e+02
2.240000000000000000e+02
2.243906250000000000e+02
2.248437500000000000e+02
2.253125000000000000e+02
2.259218750000000000e+02
2.265312500000000000e+02
2.272343750000000000e+02
2.276093750000000000e+02
2.279218750000000000e+02
2.283906250000000000e+02
2.287656250000000000e+02
2.291562500000000000e+02
2.295312500000000000e+02
2.300000000000000000e+02
2.304531250000000000e+02
2.309218750000000000e+02
2.315312500000000000e+02
2.320781250000000000e+02
2.324531250000000000e+02
2.328437500000000000e+02
2.332343750000000000e+02
2.336093750000000000e+02
2.341562500000000000e+02
2.345312500000000000e+02
2.349218750000000000e+02
2.353125000000000000e+02
2.357656250000000000e+02
2.362343750000000000e+02
2.366875000000000000e+02
2.369218750000000000e+02
2.373906250000000000e+02
2.376875000000000000e+02
2.381562500000000000e+02
2.385312500000000000e+02
2.389218750000000000e+02
2.393125000000000000e+02
2.396875000000000000e+02
2.400781250000000000e+02
2.405312500000000000e+02
2.409218750000000000e+02
2.414531250000000000e+02
2.429218750000000000e+02
2.432343750000000000e+02
2.436093750000000000e+02
2.440000000000000000e+02
2.444531250000000000e+02
2.448437500000000000e+02
2.452343750000000000e+02
2.456093750000000000e+02
2.460781250000000000e+02
2.463906250000000000e+02
2.467656250000000000e+02
2.471562500000000000e+02
2.475312500000000000e+02
2.479218750000000000e+02
2.483125000000000000e+02
2.486875000000000000e+02
2.491562500000000000e+02
2.496093750000000000e+02
2.500000000000000000e+02
2.503125000000000000e+02
2.507656250000000000e+02
2.513125000000000000e+02
2.516875000000000000e+02
2.520000000000000000e+02
2.533125000000000000e+02
2.536875000000000000e+02
2.542343750000000000e+02
2.546875000000000000e+02
2.550781250000000000e+02
2.555312500000000000e+02
2.563906250000000000e+02
2.570781250000000000e+02
2.573906250000000000e+02
2.577656250000000000e+02
2.581562500000000000e+02
2.586093750000000000e+02
2.589218750000000000e+02
2.593125000000000000e+02
2.596875000000000000e+02
2.601562500000000000e+02
2.604531250000000000e+02
2.607656250000000000e+02
2.610781250000000000e+02
2.613906250000000000e+02
2.617656250000000000e+02
2.621562500000000000e+02
2.623906250000000000e+02
2.627656250000000000e+02
2.631562500000000000e+02
2.635312500000000000e+02
2.638437500000000000e+02
2.643906250000000000e+02
2.646875000000000000e+02
2.650781250000000000e+02
2.653906250000000000e+02
2.657656250000000000e+02
2.660781250000000000e+02
2.664531250000000000e+02
2.667656250000000000e+02
2.670781250000000000e+02
2.673906250000000000e+02
2.676875000000000000e+02
2.679218750000000000e+02
2.682343750000000000e+02
2.685312500000000000e+02
2.689218750000000000e+02
2.692343750000000000e+02
2.695312500000000000e+02
2.697656250000000000e+02
2.700781250000000000e+02
2.704531250000000000e+02
2.707656250000000000e+02
2.710000000000000000e+02
2.713906250000000000e+02
2.717656250000000000e+02
2.720781250000000000e+02
2.724531250000000000e+02
2.727656250000000000e+02
2.730781250000000000e+02
2.733906250000000000e+02
2.736875000000000000e+02
2.740781250000000000e+02
2.744531250000000000e+02
2.747656250000000000e+02
2.751562500000000000e+02
2.754531250000000000e+02
2.759218750000000000e+02
2.763906250000000000e+02
2.768437500000000000e+02
2.773125000000000000e+02
2.776875000000000000e+02
2.780781250000000000e+02
2.784531250000000000e+02
2.788437500000000000e+02
2.792343750000000000e+02
2.795312500000000000e+02
2.798437500000000000e+02
2.802343750000000000e+02
2.805312500000000000e+02
2.808437500000000000e+02
2.812343750000000000e+02
2.816093750000000000e+02
2.820000000000000000e+02
2.823906250000000000e+02
2.827656250000000000e+02
2.830781250000000000e+02
2.834531250000000000e+02
2.837656250000000000e+02
2.841562500000000000e+02
2.848437500000000000e+02
2.852343750000000000e+02
2.856875000000000000e+02
2.860781250000000000e+02
2.864531250000000000e+02
2.870000000000000000e+02
2.873906250000000000e+02
2.877656250000000000e+02
2.881562500000000000e+02
2.885312500000000000e+02
2.888437500000000000e+02
2.893125000000000000e+02
2.895312500000000000e+02
2.900000000000000000e+02
2.903906250000000000e+02
2.908437500000000000e+02
2.913125000000000000e+02
2.916875000000000000e+02
2.920000000000000000e+02
2.923125000000000000e+02
2.925312500000000000e+02
2.928437500000000000e+02
2.932343750000000000e+02
2.936093750000000000e+02
2.940781250000000000e+02
2.946093750000000000e+02
2.950000000000000000e+02
2.952343750000000000e+02
2.957656250000000000e+02
2.961562500000000000e+02
2.966093750000000000e+02
2.969218750000000000e+02
2.972343750000000000e+02
2.976093750000000000e+02
2.980000000000000000e+02
2.983906250000000000e+02
2.986093750000000000e+02
2.989218750000000000e+02
2.992343750000000000e+02
2.995312500000000000e+02
2.999218750000000000e+02
3.003125000000000000e+02
3.005312500000000000e+02
3.009218750000000000e+02
3.012343750000000000e+02
3.016093750000000000e+02
3.020000000000000000e+02
3.024531250000000000e+02
3.029218750000000000e+02
3.033125000000000000e+02
3.036093750000000000e+02
3.040000000000000000e+02
3.043906250000000000e+02
3.046875000000000000e+02
3.050000000000000000e+02
3.053906250000000000e+02
3.058437500000000000e+02
3.061562500000000000e+02
3.064531250000000000e+02
3.069218750000000000e+02
3.073125000000000000e+02
3.076093750000000000e+02
3.080000000000000000e+02
3.083125000000000000e+02
3.086875000000000000e+02
3.089218750000000000e+02
3.093125000000000000e+02
3.096875000000000000e+02
3.100000000000000000e+02
3.103125000000000000e+02
3.106875000000000000e+02
3.110781250000000000e+02
3.114531250000000000e+02
3.116875000000000000e+02
3.120781250000000000e+02
3.123906250000000000e+02
3.127656250000000000e+02
3.132343750000000000e+02
3.135312500000000000e+02
3.139218750000000000e+02
3.143125000000000000e+02
3.146875000000000000e+02
3.150781250000000000e+02
3.153906250000000000e+02
3.157656250000000000e+02
3.160781250000000000e+02
3.163906250000000000e+02
3.166875000000000000e+02
3.170781250000000000e+02
3.173906250000000000e+02
3.176875000000000000e+02
3.180781250000000000e+02
3.183906250000000000e+02
3.186875000000000000e+02
3.190000000000000000e+02
3.193125000000000000e+02
3.195312500000000000e+02
3.197656250000000000e+02
3.200781250000000000e+02
3.203906250000000000e+02
3.206875000000000000e+02
3.210000000000000000e+02
3.213125000000000000e+02
3.215312500000000000e+02
3.218437500000000000e+02
3.220781250000000000e+02
3.223906250000000000e+02
3.226093750000000000e+02
3.228437500000000000e+02
3.231562500000000000e+02
3.234687500000000000e+02
3.236093750000000000e+02
3.238437500000000000e+02
3.242343750000000000e+02
3.244687500000000000e+02
3.247656250000000000e+02
3.250000000000000000e+02
3.252343750000000000e+02
3.255312500000000000e+02
3.258437500000000000e+02
3.260781250000000000e+02
3.263906250000000000e+02
3.266093750000000000e+02
3.270000000000000000e+02
3.273125000000000000e+02
3.276093750000000000e+02
3.280000000000000000e+02
3.281562500000000000e+02
3.283906250000000000e+02
3.286875000000000000e+02
3.289218750000000000e+02
3.291562500000000000e+02
3.293906250000000000e+02
3.296093750000000000e+02
3.298437500000000000e+02
3.300781250000000000e+02
3.303906250000000000e+02
3.306875000000000000e+02
3.310781250000000000e+02
3.313906250000000000e+02
3.316875000000000000e+02
3.320000000000000000e+02
3.322343750000000000e+02
3.325312500000000000e+02
3.328437500000000000e+02
3.331562500000000000e+02
3.334687500000000000e+02
3.336875000000000000e+02
3.340000000000000000e+02
3.342343750000000000e+02
3.344687500000000000e+02
3.347656250000000000e+02
3.350000000000000000e+02
3.352343750000000000e+02
3.355312500000000000e+02
3.358437500000000000e+02
3.360781250000000000e+02
3.363906250000000000e+02
3.366093750000000000e+02
3.369218750000000000e+02
3.372343750000000000e+02
3.374687500000000000e+02
3.377656250000000000e+02
3.380781250000000000e+02
3.383125000000000000e+02
3.386093750000000000e+02
3.389218750000000000e+02
3.392343750000000000e+02
3.394687500000000000e+02
3.397656250000000000e+02
3.400000000000000000e+02
3.403125000000000000e+02
3.406093750000000000e+02
3.409218750000000000e+02
3.411562500000000000e+02
3.413906250000000000e+02
3.416093750000000000e+02
3.419218750000000000e+02
3.421562500000000000e+02
3.423125000000000000e+02
3.426093750000000000e+02
3.427656250000000000e+02
3.430000000000000000e+02
3.432343750000000000e+02
3.433906250000000000e+02
3.436093750000000000e+02
3.439218750000000000e+02
3.442343750000000000e+02
3.445312500000000000e+02
3.447656250000000000e+02
3.450781250000000000e+02
3.453906250000000000e+02
3.455312500000000000e+02
3.458437500000000000e+02
3.460781250000000000e+02
3.463125000000000000e+02
3.465312500000000000e+02
3.467656250000000000e+02
3.471562500000000000e+02
3.474687500000000000e+02
3.478437500000000000e+02
3.482343750000000000e+02
3.485312500000000000e+02
3.490000000000000000e+02
3.494687500000000000e+02
4.173906250000000000e+02
4.184687500000000000e+02
4.190000000000000000e+02
4.194687500000000000e+02
4.198437500000000000e+02
4.202343750000000000e+02
4.205312500000000000e+02
4.207656250000000000e+02
4.210781250000000000e+02
4.213125000000000000e+02
4.216093750000000000e+02
4.218437500000000000e+02
4.220781250000000000e+02
4.223906250000000000e+02
4.226875000000000000e+02
4.230000000000000000e+02
4.232343750000000000e+02
4.234687500000000000e+02
4.236875000000000000e+02
4.240000000000000000e+02
4.242343750000000000e+02
4.244687500000000000e+02
4.247656250000000000e+02
4.250781250000000000e+02
4.252343750000000000e+02
4.256093750000000000e+02
4.258437500000000000e+02
4.261562500000000000e+02
4.263906250000000000e+02
4.266875000000000000e+02
4.270000000000000000e+02
4.272343750000000000e+02
4.275312500000000000e+02
4.279218750000000000e+02
4.282343750000000000e+02
4.284687500000000000e+02
4.287656250000000000e+02
4.290000000000000000e+02
4.293125000000000000e+02
4.296093750000000000e+02
4.298437500000000000e+02
4.300781250000000000e+02
4.303906250000000000e+02
4.306875000000000000e+02
4.310781250000000000e+02
4.313906250000000000e+02
4.316093750000000000e+02
4.319218750000000000e+02
4.322343750000000000e+02
4.325312500000000000e+02
4.328437500000000000e+02
4.331562500000000000e+02
4.333906250000000000e+02
4.336875000000000000e+02
4.340000000000000000e+02
4.343906250000000000e+02
4.346093750000000000e+02
4.350000000000000000e+02
4.353125000000000000e+02
4.356093750000000000e+02
4.359218750000000000e+02
4.362343750000000000e+02
4.364687500000000000e+02
4.369218750000000000e+02
4.373906250000000000e+02
4.377656250000000000e+02
4.380000000000000000e+02
4.383125000000000000e+02
4.386093750000000000e+02
4.388437500000000000e+02
4.392343750000000000e+02
4.394687500000000000e+02
4.396875000000000000e+02
4.399218750000000000e+02
4.402343750000000000e+02
4.406093750000000000e+02
4.411562500000000000e+02
4.415312500000000000e+02
4.418437500000000000e+02
4.423125000000000000e+02
4.429218750000000000e+02
4.443906250000000000e+02
4.450781250000000000e+02
4.453906250000000000e+02
4.456875000000000000e+02
4.460000000000000000e+02
4.463906250000000000e+02
4.466093750000000000e+02
4.470000000000000000e+02
4.473125000000000000e+02
4.476093750000000000e+02
4.480000000000000000e+02
4.483906250000000000e+02
4.489218750000000000e+02
4.493125000000000000e+02
4.499218750000000000e+02
4.504687500000000000e+02
4.508437500000000000e+02
4.511562500000000000e+02
4.514687500000000000e+02
4.517656250000000000e+02
4.521562500000000000e+02
4.526875000000000000e+02
4.531562500000000000e+02
4.540000000000000000e+02
4.548437500000000000e+02
4.553125000000000000e+02
4.559218750000000000e+02
4.563125000000000000e+02
4.566093750000000000e+02
4.573906250000000000e+02
4.583906250000000000e+02
4.589218750000000000e+02
4.593125000000000000e+02
4.596875000000000000e+02
4.603125000000000000e+02
4.606875000000000000e+02
4.613125000000000000e+02
4.623125000000000000e+02
4.626093750000000000e+02
4.630000000000000000e+02
4.635468750000000000e+02
4.639218750000000000e+02
4.643125000000000000e+02
4.646875000000000000e+02
4.651562500000000000e+02
4.654687500000000000e+02
4.659218750000000000e+02
4.664687500000000000e+02
4.673125000000000000e+02
4.678437500000000000e+02
4.683906250000000000e+02
4.687656250000000000e+02
4.692343750000000000e+02
4.696093750000000000e+02
4.703906250000000000e+02
4.710000000000000000e+02
4.714687500000000000e+02
4.724687500000000000e+02
4.731562500000000000e+02
4.740000000000000000e+02
4.744687500000000000e+02
4.748437500000000000e+02
4.753125000000000000e+02
4.760781250000000000e+02
4.766093750000000000e+02
4.770781250000000000e+02
4.774687500000000000e+02
4.778437500000000000e+02
4.783906250000000000e+02
4.789218750000000000e+02
4.793906250000000000e+02
4.797656250000000000e+02
4.804687500000000000e+02
4.810781250000000000e+02
4.816093750000000000e+02
4.820000000000000000e+02
4.823125000000000000e+02
4.826093750000000000e+02
4.829218750000000000e+02
4.832343750000000000e+02
4.835468750000000000e+02
4.837656250000000000e+02
4.842343750000000000e+02
4.846093750000000000e+02
4.849218750000000000e+02
4.853906250000000000e+02
4.860000000000000000e+02
4.863906250000000000e+02
4.869218750000000000e+02
4.873125000000000000e+02
4.876875000000000000e+02
4.880000000000000000e+02
4.885468750000000000e+02
4.890000000000000000e+02
4.893906250000000000e+02
4.926875000000000000e+02
4.931562500000000000e+02
4.936875000000000000e+02
4.940000000000000000e+02
4.943906250000000000e+02
4.947656250000000000e+02
4.953125000000000000e+02
4.959218750000000000e+02
4.963125000000000000e+02
4.967656250000000000e+02
4.974687500000000000e+02
4.983125000000000000e+02
4.986875000000000000e+02
4.991562500000000000e+02
5.008437500000000000e+02
5.013125000000000000e+02
5.017656250000000000e+02
5.021562500000000000e+02
5.026093750000000000e+02
5.030000000000000000e+02
5.033906250000000000e+02
5.038437500000000000e+02
5.042343750000000000e+02
5.047656250000000000e+02
5.054687500000000000e+02
5.057656250000000000e+02
5.062343750000000000e+02
5.066875000000000000e+02
5.071562500000000000e+02
5.076093750000000000e+02
5.081562500000000000e+02
5.084687500000000000e+02
5.087656250000000000e+02
5.090000000000000000e+02
5.096093750000000000e+02
5.102343750000000000e+02
5.105468750000000000e+02
5.111562500000000000e+02
5.116875000000000000e+02
5.124687500000000000e+02
5.128437500000000000e+02
5.133906250000000000e+02
5.137656250000000000e+02
5.142343750000000000e+02
5.146093750000000000e+02
5.148437500000000000e+02
5.151562500000000000e+02
5.154687500000000000e+02
5.158437500000000000e+02
5.161562500000000000e+02
5.164687500000000000e+02
5.167656250000000000e+02
5.170000000000000000e+02
5.173125000000000000e+02
5.187656250000000000e+02
5.190781250000000000e+02
5.195468750000000000e+02
5.200781250000000000e+02
5.203906250000000000e+02
5.207656250000000000e+02
5.211562500000000000e+02
5.214687500000000000e+02
5.217656250000000000e+02
5.220781250000000000e+02
5.224687500000000000e+02
5.232343750000000000e+02
5.235468750000000000e+02
5.239218750000000000e+02
5.243125000000000000e+02
5.246875000000000000e+02
5.253125000000000000e+02
5.256875000000000000e+02
5.260781250000000000e+02
5.269218750000000000e+02
5.274687500000000000e+02
5.277656250000000000e+02
5.283125000000000000e+02
5.286093750000000000e+02
5.290781250000000000e+02
5.294687500000000000e+02
5.296875000000000000e+02
5.299218750000000000e+02
5.303906250000000000e+02
5.306093750000000000e+02
5.310000000000000000e+02
5.313125000000000000e+02
5.326093750000000000e+02
5.329218750000000000e+02
5.333125000000000000e+02
5.337656250000000000e+02
5.340781250000000000e+02
5.344687500000000000e+02
5.347656250000000000e+02
5.350781250000000000e+02
5.353125000000000000e+02
5.356093750000000000e+02
5.359218750000000000e+02
5.363125000000000000e+02
5.366093750000000000e+02
5.368437500000000000e+02
5.371562500000000000e+02
5.374687500000000000e+02
5.380000000000000000e+02
5.383125000000000000e+02
5.387656250000000000e+02
5.392343750000000000e+02
5.395468750000000000e+02
5.398437500000000000e+02
5.400781250000000000e+02
5.403906250000000000e+02
5.407656250000000000e+02
5.410781250000000000e+02
5.414687500000000000e+02
5.417656250000000000e+02
5.421562500000000000e+02
5.424687500000000000e+02
5.426093750000000000e+02
5.430781250000000000e+02
5.433906250000000000e+02
5.437656250000000000e+02
5.440781250000000000e+02
5.444687500000000000e+02
5.448437500000000000e+02
5.451562500000000000e+02
5.455468750000000000e+02
5.460000000000000000e+02
5.463125000000000000e+02
5.467656250000000000e+02
5.471562500000000000e+02
5.474687500000000000e+02
5.480781250000000000e+02
5.492343750000000000e+02
5.495468750000000000e+02
5.498437500000000000e+02
5.503125000000000000e+02
5.509218750000000000e+02
5.514687500000000000e+02
5.520000000000000000e+02
5.522343750000000000e+02
5.525468750000000000e+02
5.528437500000000000e+02
5.532343750000000000e+02
5.534687500000000000e+02
5.539218750000000000e+02
5.543125000000000000e+02
5.546875000000000000e+02
5.551562500000000000e+02
5.554687500000000000e+02
5.557656250000000000e+02
5.561562500000000000e+02
5.564687500000000000e+02
5.567656250000000000e+02
5.571562500000000000e+02
5.574687500000000000e+02
5.577656250000000000e+02
5.580000000000000000e+02
5.582343750000000000e+02
5.584687500000000000e+02
5.587656250000000000e+02
5.593125000000000000e+02
5.596250000000000000e+02
5.598437500000000000e+02
5.601562500000000000e+02
5.605468750000000000e+02
5.607656250000000000e+02
5.610781250000000000e+02
5.612343750000000000e+02
5.614687500000000000e+02
5.618437500000000000e+02
5.623906250000000000e+02
5.627656250000000000e+02
5.631562500000000000e+02
5.634687500000000000e+02
5.638437500000000000e+02
5.641562500000000000e+02
5.644687500000000000e+02
5.647656250000000000e+02
5.650000000000000000e+02
5.652343750000000000e+02
5.655468750000000000e+02
5.658437500000000000e+02
5.661562500000000000e+02
5.663906250000000000e+02
5.666093750000000000e+02
5.669218750000000000e+02
5.672343750000000000e+02
5.675468750000000000e+02
5.677656250000000000e+02
5.680781250000000000e+02
5.682343750000000000e+02
5.686250000000000000e+02
5.690000000000000000e+02
5.693906250000000000e+02
5.696875000000000000e+02
5.700781250000000000e+02
5.705468750000000000e+02
5.710781250000000000e+02
5.713906250000000000e+02
5.716250000000000000e+02
5.719218750000000000e+02
5.722343750000000000e+02
5.725468750000000000e+02
5.727656250000000000e+02
5.729218750000000000e+02
5.733125000000000000e+02
5.735468750000000000e+02
5.738437500000000000e+02
5.741562500000000000e+02
5.743906250000000000e+02
5.746875000000000000e+02
5.750000000000000000e+02
5.753125000000000000e+02
5.755468750000000000e+02
5.758437500000000000e+02
5.760781250000000000e+02
5.763906250000000000e+02
5.766875000000000000e+02
5.770000000000000000e+02
5.773906250000000000e+02
5.776875000000000000e+02
5.780781250000000000e+02
5.783906250000000000e+02
5.786250000000000000e+02
5.788437500000000000e+02
5.790781250000000000e+02
5.793906250000000000e+02
5.797656250000000000e+02
5.800000000000000000e+02
5.802343750000000000e+02
5.804687500000000000e+02
5.807656250000000000e+02
5.810781250000000000e+02
5.816250000000000000e+02
5.820000000000000000e+02
5.823125000000000000e+02
5.826250000000000000e+02
5.829218750000000000e+02
5.832343750000000000e+02
5.835468750000000000e+02
5.837656250000000000e+02
5.839218750000000000e+02
5.842343750000000000e+02
5.845468750000000000e+02
5.847656250000000000e+02
5.850000000000000000e+02
5.852343750000000000e+02
5.855468750000000000e+02
5.859218750000000000e+02
5.862343750000000000e+02
5.865468750000000000e+02
5.868437500000000000e+02
5.871562500000000000e+02
5.876250000000000000e+02
5.879218750000000000e+02
5.882343750000000000e+02
5.885468750000000000e+02
5.888437500000000000e+02
6.017656250000000000e+02
6.028437500000000000e+02
6.032343750000000000e+02
6.035468750000000000e+02
6.039218750000000000e+02
6.043906250000000000e+02
6.047656250000000000e+02
6.050000000000000000e+02
6.053906250000000000e+02
6.056250000000000000e+02
6.059218750000000000e+02
6.061562500000000000e+02
6.064687500000000000e+02
6.067656250000000000e+02
6.072343750000000000e+02
6.075468750000000000e+02
6.077656250000000000e+02
6.080781250000000000e+02
6.083125000000000000e+02
6.085468750000000000e+02
6.088437500000000000e+02
6.090781250000000000e+02
6.093125000000000000e+02
6.097656250000000000e+02
6.100781250000000000e+02
6.103906250000000000e+02
6.106875000000000000e+02
6.110781250000000000e+02
6.113125000000000000e+02
6.116875000000000000e+02
6.120000000000000000e+02
6.123125000000000000e+02
6.126250000000000000e+02
6.129218750000000000e+02
6.133125000000000000e+02
6.135468750000000000e+02
6.139218750000000000e+02
6.143125000000000000e+02
6.146875000000000000e+02
6.150000000000000000e+02
6.153125000000000000e+02
6.155468750000000000e+02
6.158437500000000000e+02
6.161562500000000000e+02
6.164687500000000000e+02
6.167656250000000000e+02
6.170781250000000000e+02
6.173906250000000000e+02
6.179218750000000000e+02
6.183906250000000000e+02
6.188437500000000000e+02
6.192343750000000000e+02
6.194687500000000000e+02
6.198437500000000000e+02
6.203125000000000000e+02
6.205468750000000000e+02
6.208437500000000000e+02
6.211562500000000000e+02
6.214687500000000000e+02
6.216875000000000000e+02
6.219218750000000000e+02
6.222343750000000000e+02
6.225468750000000000e+02
6.227656250000000000e+02
6.231562500000000000e+02
6.234687500000000000e+02
6.237656250000000000e+02
6.240781250000000000e+02
6.244687500000000000e+02
6.247656250000000000e+02
6.251562500000000000e+02
6.255468750000000000e+02
6.257656250000000000e+02
6.260781250000000000e+02
6.263125000000000000e+02
6.266250000000000000e+02
6.268437500000000000e+02
6.270781250000000000e+02
6.274687500000000000e+02
6.276875000000000000e+02
6.280781250000000000e+02
6.283125000000000000e+02
6.286250000000000000e+02
6.289218750000000000e+02
6.290781250000000000e+02
6.294687500000000000e+02
6.297656250000000000e+02
6.299218750000000000e+02
6.301562500000000000e+02
6.304687500000000000e+02
6.307656250000000000e+02
6.310000000000000000e+02
6.313125000000000000e+02
6.315468750000000000e+02
6.319218750000000000e+02
6.322343750000000000e+02
6.324687500000000000e+02
6.326875000000000000e+02
6.329218750000000000e+02
6.331562500000000000e+02
6.333906250000000000e+02
6.336250000000000000e+02
6.338437500000000000e+02
6.340781250000000000e+02
6.343125000000000000e+02
6.345468750000000000e+02
6.348437500000000000e+02
6.350000000000000000e+02
6.353125000000000000e+02
6.355468750000000000e+02
6.357656250000000000e+02
6.360000000000000000e+02
6.363125000000000000e+02
6.366250000000000000e+02
6.368437500000000000e+02
6.371562500000000000e+02
6.373906250000000000e+02
6.376250000000000000e+02
6.378437500000000000e+02
6.380781250000000000e+02
6.383125000000000000e+02
6.385468750000000000e+02
6.387656250000000000e+02
6.390781250000000000e+02
6.393906250000000000e+02
6.397656250000000000e+02
6.400781250000000000e+02
6.403125000000000000e+02
6.406250000000000000e+02
6.408437500000000000e+02
6.410781250000000000e+02
6.413125000000000000e+02
6.415468750000000000e+02
6.418437500000000000e+02
6.421562500000000000e+02
6.423906250000000000e+02
6.425468750000000000e+02
6.428437500000000000e+02
6.431562500000000000e+02
6.433906250000000000e+02
6.436250000000000000e+02
6.439218750000000000e+02
6.441562500000000000e+02
6.443906250000000000e+02
6.446250000000000000e+02
6.449218750000000000e+02
6.451562500000000000e+02
6.454687500000000000e+02
6.456875000000000000e+02
6.460000000000000000e+02
6.462343750000000000e+02
6.464687500000000000e+02
6.466875000000000000e+02
6.470000000000000000e+02
6.472343750000000000e+02
6.474687500000000000e+02
6.477656250000000000e+02
6.480000000000000000e+02
6.482343750000000000e+02
6.484687500000000000e+02
6.486250000000000000e+02
6.488437500000000000e+02
6.491562500000000000e+02
6.493906250000000000e+02
6.496250000000000000e+02
6.498437500000000000e+02
6.501562500000000000e+02
6.503906250000000000e+02
6.506875000000000000e+02
6.510000000000000000e+02
6.514687500000000000e+02
6.519218750000000000e+02
6.524687500000000000e+02
6.528437500000000000e+02
6.532343750000000000e+02
6.535468750000000000e+02
6.537656250000000000e+02
6.540000000000000000e+02
6.542343750000000000e+02
6.544687500000000000e+02
6.546250000000000000e+02
6.549218750000000000e+02
6.552343750000000000e+02
6.554687500000000000e+02
6.557656250000000000e+02
6.559218750000000000e+02
6.561562500000000000e+02
6.564687500000000000e+02
6.566875000000000000e+02
6.569218750000000000e+02
6.572343750000000000e+02
6.574687500000000000e+02
6.579218750000000000e+02
6.581562500000000000e+02
6.584687500000000000e+02
6.586875000000000000e+02
6.590000000000000000e+02
6.593906250000000000e+02
6.595468750000000000e+02
6.597656250000000000e+02
6.600781250000000000e+02
6.603906250000000000e+02
6.606250000000000000e+02
6.608437500000000000e+02
6.611562500000000000e+02
6.613906250000000000e+02
6.616250000000000000e+02
6.618437500000000000e+02
6.620781250000000000e+02
6.623906250000000000e+02
6.626250000000000000e+02
6.628437500000000000e+02
6.630781250000000000e+02
6.633125000000000000e+02
6.635468750000000000e+02
6.637656250000000000e+02
6.640781250000000000e+02
6.643906250000000000e+02
6.646250000000000000e+02
6.648437500000000000e+02
6.651562500000000000e+02
6.654687500000000000e+02
6.657656250000000000e+02
6.660781250000000000e+02
6.663906250000000000e+02
6.666250000000000000e+02
6.669218750000000000e+02
6.670781250000000000e+02
6.674687500000000000e+02
6.677656250000000000e+02
6.680781250000000000e+02
6.683125000000000000e+02
6.685468750000000000e+02
6.688437500000000000e+02
6.690781250000000000e+02
6.693906250000000000e+02
6.696250000000000000e+02
6.698437500000000000e+02
6.700781250000000000e+02
6.703125000000000000e+02
6.704687500000000000e+02
6.706875000000000000e+02
6.710000000000000000e+02
6.713125000000000000e+02
6.714687500000000000e+02
6.717656250000000000e+02
6.719218750000000000e+02
6.721562500000000000e+02
6.724687500000000000e+02
6.727656250000000000e+02
6.729218750000000000e+02
6.732343750000000000e+02
6.735468750000000000e+02
6.737656250000000000e+02
6.740000000000000000e+02
6.742343750000000000e+02
6.744687500000000000e+02
6.746875000000000000e+02
6.750000000000000000e+02
6.752343750000000000e+02
6.756250000000000000e+02
6.761562500000000000e+02
6.764687500000000000e+02
6.767656250000000000e+02
6.770781250000000000e+02
6.773906250000000000e+02
6.777656250000000000e+02
6.780781250000000000e+02
6.783906250000000000e+02
6.787656250000000000e+02
6.790781250000000000e+02
6.793125000000000000e+02
6.796250000000000000e+02
6.799218750000000000e+02
6.802343750000000000e+02
6.804687500000000000e+02
6.806875000000000000e+02
6.809218750000000000e+02
6.812343750000000000e+02
6.815468750000000000e+02
6.818437500000000000e+02
6.822343750000000000e+02
6.824687500000000000e+02
6.826875000000000000e+02
6.833906250000000000e+02
6.838437500000000000e+02
6.841562500000000000e+02
6.846250000000000000e+02
6.849218750000000000e+02
6.858437500000000000e+02
6.861562500000000000e+02
6.865468750000000000e+02
6.868437500000000000e+02
6.875468750000000000e+02
6.879218750000000000e+02
6.883906250000000000e+02
6.887656250000000000e+02
6.891562500000000000e+02
6.894687500000000000e+02
6.897656250000000000e+02
6.900781250000000000e+02
6.903906250000000000e+02
6.906250000000000000e+02
6.909218750000000000e+02
6.912343750000000000e+02
6.915468750000000000e+02
6.918437500000000000e+02
6.920000000000000000e+02
6.923906250000000000e+02
6.927031250000000000e+02
6.930000000000000000e+02
6.933125000000000000e+02
6.937031250000000000e+02
6.940781250000000000e+02
6.943906250000000000e+02
6.947031250000000000e+02
6.950781250000000000e+02
6.953906250000000000e+02
6.957031250000000000e+02
6.960000000000000000e+02
6.962343750000000000e+02
6.967031250000000000e+02
6.971562500000000000e+02
6.975468750000000000e+02
6.980000000000000000e+02
6.984687500000000000e+02
6.988437500000000000e+02
6.991562500000000000e+02
6.994687500000000000e+02
6.998437500000000000e+02
7.001562500000000000e+02
7.005468750000000000e+02
7.010000000000000000e+02
7.013125000000000000e+02
7.016250000000000000e+02
7.018437500000000000e+02
7.021562500000000000e+02
7.024687500000000000e+02
7.028437500000000000e+02
7.031562500000000000e+02
7.035468750000000000e+02
7.040781250000000000e+02
7.043906250000000000e+02
7.047656250000000000e+02
7.050781250000000000e+02
7.054687500000000000e+02
7.057656250000000000e+02
7.061562500000000000e+02
7.065468750000000000e+02
7.069218750000000000e+02
7.075468750000000000e+02
7.078437500000000000e+02
7.082343750000000000e+02
7.089218750000000000e+02
7.099218750000000000e+02
7.102343750000000000e+02
7.105468750000000000e+02
7.110781250000000000e+02
7.113906250000000000e+02
7.117031250000000000e+02
7.119218750000000000e+02
7.122343750000000000e+02
7.125468750000000000e+02
7.128437500000000000e+02
7.130781250000000000e+02
7.133906250000000000e+02
7.137031250000000000e+02
7.140781250000000000e+02
7.143906250000000000e+02
7.146250000000000000e+02
7.149218750000000000e+02
7.152343750000000000e+02
7.155468750000000000e+02
7.159218750000000000e+02
7.162343750000000000e+02
7.166250000000000000e+02
7.170000000000000000e+02
7.175468750000000000e+02
7.178437500000000000e+02
7.183125000000000000e+02
7.186250000000000000e+02
7.190000000000000000e+02
7.194687500000000000e+02
7.197656250000000000e+02
7.201562500000000000e+02
7.205468750000000000e+02
7.208437500000000000e+02
7.211562500000000000e+02
7.215468750000000000e+02
7.220781250000000000e+02
7.224687500000000000e+02
7.227656250000000000e+02
7.230781250000000000e+02
7.233906250000000000e+02
7.239218750000000000e+02
7.243906250000000000e+02
7.249218750000000000e+02
7.257031250000000000e+02
7.260000000000000000e+02
7.265468750000000000e+02
7.273906250000000000e+02
7.275468750000000000e+02
7.277656250000000000e+02
7.281562500000000000e+02
7.289218750000000000e+02
7.292343750000000000e+02
7.299218750000000000e+02
7.303125000000000000e+02
7.305468750000000000e+02
7.311562500000000000e+02
7.313906250000000000e+02
7.317031250000000000e+02
7.320000000000000000e+02
7.326250000000000000e+02
7.332343750000000000e+02
7.334687500000000000e+02
7.338437500000000000e+02
7.342343750000000000e+02
7.346250000000000000e+02
7.350000000000000000e+02
7.353906250000000000e+02
7.358437500000000000e+02
7.361562500000000000e+02
7.364687500000000000e+02
7.367031250000000000e+02
7.370781250000000000e+02
7.373125000000000000e+02
7.378437500000000000e+02
7.381562500000000000e+02
7.384687500000000000e+02
7.387031250000000000e+02
7.389218750000000000e+02
7.392343750000000000e+02
7.393906250000000000e+02
7.397031250000000000e+02
7.399218750000000000e+02
7.403125000000000000e+02
7.407656250000000000e+02
7.410781250000000000e+02
7.413125000000000000e+02
7.417656250000000000e+02
7.421562500000000000e+02
7.424687500000000000e+02
7.427656250000000000e+02
7.430781250000000000e+02
7.433125000000000000e+02
7.447031250000000000e+02
7.450000000000000000e+02
7.453906250000000000e+02
7.456250000000000000e+02
7.459218750000000000e+02
7.461562500000000000e+02
7.463906250000000000e+02
7.467031250000000000e+02
7.470000000000000000e+02
7.472343750000000000e+02
7.474687500000000000e+02
7.477656250000000000e+02
7.480781250000000000e+02
7.483906250000000000e+02
7.487656250000000000e+02
7.491562500000000000e+02
7.494687500000000000e+02
7.497031250000000000e+02
7.500000000000000000e+02
7.502343750000000000e+02
7.503906250000000000e+02
7.507031250000000000e+02
7.510781250000000000e+02
7.513125000000000000e+02
7.516250000000000000e+02
7.519218750000000000e+02
7.522343750000000000e+02
7.524687500000000000e+02
7.527656250000000000e+02
7.530000000000000000e+02
7.533906250000000000e+02
7.537031250000000000e+02
7.539218750000000000e+02
7.542343750000000000e+02
7.544687500000000000e+02
7.547656250000000000e+02
7.550781250000000000e+02
7.553906250000000000e+02
7.557031250000000000e+02
7.560000000000000000e+02
7.562343750000000000e+02
7.564687500000000000e+02
7.567656250000000000e+02
7.571562500000000000e+02
7.573906250000000000e+02
7.576250000000000000e+02
7.578437500000000000e+02
7.581562500000000000e+02
7.583906250000000000e+02
7.587031250000000000e+02
7.588437500000000000e+02
7.591562500000000000e+02
7.594687500000000000e+02
7.597656250000000000e+02
7.599218750000000000e+02
7.602343750000000000e+02
7.605468750000000000e+02
7.607656250000000000e+02
7.610000000000000000e+02
7.613125000000000000e+02
7.615468750000000000e+02
7.618437500000000000e+02
7.620781250000000000e+02
7.623906250000000000e+02
7.627031250000000000e+02
7.629218750000000000e+02
7.632343750000000000e+02
7.635468750000000000e+02
7.639218750000000000e+02
7.642343750000000000e+02
7.646250000000000000e+02
7.650000000000000000e+02
7.653125000000000000e+02
7.657031250000000000e+02
7.659218750000000000e+02
7.662343750000000000e+02
7.664687500000000000e+02
7.667656250000000000e+02
7.670781250000000000e+02
7.674687500000000000e+02
7.677031250000000000e+02
7.679218750000000000e+02
7.681562500000000000e+02
7.684687500000000000e+02
7.687031250000000000e+02
7.689218750000000000e+02
7.692343750000000000e+02
7.695468750000000000e+02
7.699218750000000000e+02
7.701562500000000000e+02
7.703125000000000000e+02
7.706250000000000000e+02
7.708437500000000000e+02
7.711562500000000000e+02
7.714687500000000000e+02
7.717656250000000000e+02
7.720781250000000000e+02
7.722343750000000000e+02
7.727031250000000000e+02
7.729218750000000000e+02
7.731562500000000000e+02
7.733906250000000000e+02
7.737031250000000000e+02
7.739218750000000000e+02
7.741562500000000000e+02
7.743906250000000000e+02
7.747031250000000000e+02
7.749218750000000000e+02
7.752343750000000000e+02
7.754687500000000000e+02
7.757656250000000000e+02
7.761562500000000000e+02
7.765468750000000000e+02
7.771562500000000000e+02
7.780000000000000000e+02
7.784687500000000000e+02
7.787656250000000000e+02
7.790781250000000000e+02
7.793906250000000000e+02
7.797031250000000000e+02
7.800781250000000000e+02
7.804687500000000000e+02
7.808437500000000000e+02
7.811562500000000000e+02
7.817031250000000000e+02
7.820000000000000000e+02
7.823125000000000000e+02
7.825468750000000000e+02
7.828437500000000000e+02
7.830781250000000000e+02
7.833906250000000000e+02
7.836250000000000000e+02
7.840000000000000000e+02
7.843906250000000000e+02
7.849218750000000000e+02
7.853125000000000000e+02
7.857656250000000000e+02
7.860781250000000000e+02
7.863906250000000000e+02
7.866250000000000000e+02
7.869218750000000000e+02
7.872343750000000000e+02
7.878437500000000000e+02
